138
129
120
106
93
78
66
57
48
39
40
41
34
33
38
33
31
35
37
45
52
56
69
79
77
90
92
99
104
111
121
128
138
142
151
167
176
186
190
196
204
205
213
212
214
218
221
226
221
221
218
211
211
205
199
191
179
169
159
151
135
126
118
112
104
100
95
88
81
74
67
65
57
56
53
52
49
46
47
45
44
46
52
53
59
63
69
73
76
85
87
97
103
107
110
118
123
130
136
141
145
149
159
162
159
159
167
169
168
170
167
167
168
164
157
152
146
142
139
132
123
117
108
96
92
83
80
69
67
57
51
47
35
28
24
20
12
6
8
4
0
7
12
16
16
16
25
31
38
40
39
42
48
51
51
52
57
65
70
79
84
93
98
105
115
116
126
128
131
137
141
144
152
150
149
152
151
148
147
141
133
125
121
121
112
108
110
100
94
91
79
76
70
62
58
52
42
37
30
23
16
21
21
20
23
24
21
15
16
19
25
20
22
19
21
21
21
19
16
25
35
38
41
45
46
52
55
54
55
58
57
64
68
75
78
83
81
84
88
85
84
89
85
78
74
72
68
66
67
62
58
56
58
52
51
43
35
26
13
11
14
17
11
11
15
14
15
11
11
0
-4
-16
-16
-18
-25
-23
-26
-24
-19
-13
-16
-16
-12
-13
-12
-14
-15
-15
-12
-12
-8
-2
-3
2
5
6
8
11
9
13
17
21
24
29
31
27
22
18
27
27
27
29
29
33
36
34
33
33
34
36
36
37
34
31
29
29
22
21
26
31
30
30
26
22
17
12
11
6
5
5
7
7
7
15
15
16
13
8
7
12
13
10
18
19
17
19
13
15
19
18
18
19
16
18
25
25
25
25
31
33
36
39
39
42
48
50
48
46
60
61
61
70
67
72
72
77
82
82
79
80
83
85
83
81
78
76
75
74
77
76
72
64
61
62
61
63
61
59
59
57
58
47
47
42
37
33
29
28
25
31
29
29
29
28
24
19
16
12
8
8
8
7
4
5
7
13
14
17
20
19
20
19
26
24
21
25
26
27
20
22
28
31
27
30
35
36
39
33
34
32
31
34
33
30
30
28
27
32
32
29
28
26
25
25
22
18
16
13
14
12
14
17
18
14
15
9
5
2
-7
-4
-10
-13
-12
-14
-15
-17
-19
-25
-23
-15
-12
-12
-12
-8
2
4
6
9
9
10
10
17
19
16
17
21
22
26
28
23
26
26
26
29
25
24
25
24
19
20
24
29
39
37
36
40
41
37
36
26
21
24
15
18
20
25
27
27
27
21
16
9
10
1
-7
-15
-19
-17
-10
-7
-9
-5
1
3
1
5
6
6
4
2
8
7
0
4
2
2
-1
-2
-1
-5
2
6
7
5
5
5
8
17
17
19
26
27
22
24
27
24
20
19
24
20
18
18
17
16
15
12
13
15
13
11
12
11
8
4
6
-3
-2
6
5
4
4
0
2
3
5
5
6
4
0
2
4
1
-1
-2
-10
-9
-12
-14
-12
-12
-12
-11
-8
-4
0
-10
-13
-9
-14
-14
-13
-13
-7
-8
-3
-2
-1
1
-1
0
0
1
-2
-7
-10
-10
-13
-15
-16
-12
-12
-16
-18
-21
-28
-36
-38
-38
-39
-39
-35
-33
-33
-37
-40
-38
-42
-44
-44
-47
-46
-44
-44
-50
-51
-54
-57
-55
-61
-67
-66
-66
-64
-57
-51
-44
-42
-36
-29
-26
-18
-19
-23
-21
-25
-21
-19
-19
-17
-13
-12
-12
-10
-8
-7
-8
-5
-6
-11
-7
-7
-7
-4
-8
-7
-4
-6
-14
-14
-20
-21
-17
-22
-21
-17
-16
-20
-20
-25
-30
-34
-39
-41
-41
-46
-50
-57
-67
-78
-86
-86
-91
-90
-92
-92
-90
-84
-77
-73
-70
-66
-65
-64
-65
-62
-62
-66
-71
-68
-69
-70
-70
-73
-72
-68
-68
-67
-63
-61
-65
-66
-68
-67
-60
-60
-55
-50
-49
-50
-43
-42
-45
-47
-46
-53
-55
-54
-57
-56
-62
-63
-69
-79
-80
-82
-80
-83
-78
-78
-83
-85
-91
-88
-88
-88
-92
-95
-93
-96
-101
-98
-100
-100
-102
-106
-106
-104
-98
-97
-99
-98
-101
-98
-94
-92
-96
-89
-83
-85
-77
-68
-66
-59
-49
-48
-51
-54
-62
-76
-84
-87
-70
-58
-45
-30
-16
-10
-18
-21
-22
-26
-28
-33
-37
-50
-65
-73
-75
-83
-81
-71
-65
-55
-48
-38
-41
-45
-52
-68
-82
-101
-115
-132
-142
-141
-132
-118
-112
-100
-90
-86
-86
-98
-109
-109
-118
-124
-121
-121
-119
-123
-120
-116
-114
-117
-118
-108
-96
-81
-60
-50
-47
-55
-77
-89
-89
-94
-84
-71
-64
-57
-45
-41
-44
-44
-42
-38
-32
-32
-39
-48
-56
-64
-65
-65
-66
-53
-50
-37
-24
-26
-26
-21
-13
-8
5
11
8
-8
-15
-27
-35
-32
-19
1
9
17
15
11
7
5
7
19
24
29
16
10
20
34
36
36
47
46
50
50
47
40
31
30
35
37
35
30
17
12
7
6
1
-5
-7
-2
1
-3
-9
-19
-29
-26
-12
-1
2
-3
-11
-28
-38
-42
-46
-54
-62
-61
-55
-53
-60
-64
-69
-65
-57
-54
-55
-60
-69
-66
-65
-64
-63
-50
-38
-28
-25
-25
-22
-28
-22
-10
1
14
17
18
20
23
29
34
38
42
48
52
47
43
40
37
36
33
27
22
15
9
4
1
-2
3
6
3
0
-3
-10
-12
-19
-23
-27
-35
-36
-41
-44
-49
-50
-52
-50
-46
-43
-33
-34
-29
-32
-37
-34
-38
-43
-47
-44
-36
-27
-24
-16
-9
-2
9
11
19
25
32
32
38
47
46
50
58
59
56
53
49
49
44
45
51
54
52
54
57
50
53
49
45
44
37
34
21
16
9
0
-13
-22
-29
-36
-46
-47
-51
-57
-58
-62
-68
-76
-78
-85
-83
-78
-77
-71
-71
-75
-66
-61
-57
-50
-48
-45
-37
-31
-20
-13
-6
3
15
24
30
33
35
34
34
35
42
56
65
72
74
73
74
67
66
59
49
43
47
51
47
42
34
22
24
26
17
13
3
-7
-6
-11
-21
-20
-24
-30
-33
-36
-38
-43
-44
-51
-55
-58
-59
-66
-74
-71
-69
-67
-62
-55
-62
-59
-54
-54
-54
-55
-46
-36
-28
-26
-17
-8
-5
3
6
6
7
9
15
22
24
26
24
24
29
32
33
36
33
30
23
21
19
19
18
17
14
10
4
-11
180
189
206
215
226
239
243
242
244
236
242
252
262
267
270
263
255
258
250
237
224
210
210
212
206
201
192
179
170
161
150
138
120
105
98
98
90
79
65
55
49
39
24
7
-5
-24
-37
-43
-43
-41
-48
-47
-47
-46
-46
-41
-41
-42
-38
-31
-23
-11
-7
-5
1
8
24
32
46
60
67
74
81
90
103
109
111
110
114
115
125
130
136
144
143
139
144
139
137
132
131
127
115
112
104
96
86
81
68
57
56
56
52
42
32
25
19
7
-4
-20
-33
-40
-46
-48
-50
-51
-43
-39
-34
-34
-31
-30
-22
-16
-18
-19
-25
-26
-17
-3
10
18
27
29
21
19
20
16
17
17
14
7
0
-3
-5
-4
-4
-8
-7
-8
-11
-14
-19
-18
-26
-28
-31
-40
-45
-51
-60
-66
-74
-75
-81
-85
-86
-87
-89
-87
-85
-88
-79
-75
-78
-77
-75
-71
-68
-72
-70
-78
-72
-66
-66
-67
-71
-71
-76
-71
-69
-73
-77
-79
-77
-76
-74
-77
-94
-100
-99
-105
-109
-111
-115
-122
-125
-130
-135
-138
-145
-144
-144
-143
-143
-149
-159
-163
-162
-164
-166
-163
-157
-155
-152
-151
-144
-131
-122
-110
-95
-85
-72
-53
-39
-21
-4
12
26
37
48
54
64
70
85
93
103
106
112
118
119
126
134
135
137
138
135
137
128
123
116
103
92
75
64
57
48
34
24
13
-5
-18
-30
-47
-63
-76
-93
-106
-117
-128
-138
-143
-151
-163
-164
-169
-176
-171
-167
-167
-161
-152
-151
-151
-144
-134
-132
-119
-102
-88
-79
-66
-54
-44
-27
-13
7
22
36
58
74
83
89
98
98
87
80
75
67
75
93
95
95
96
97
83
66
48
25
1
-20
-27
-42
-58
-63
-72
-94
-102
-105
-127
-153
-170
-185
-197
-205
-207
-214
-216
-215
-211
-215
-211
-207
-218
-206
-190
-175
-158
-139
-129
-119
-92
-67
-42
-27
-8
15
33
49
54
61
80
106
129
145
163
170
177
191
207
222
229
234
231
223
220
213
201
187
186
183
173
165
151
134
118
103
86
67
43
21
1
-16
-38
-58
-76
-92
-103
-111
-122
-130
-135
-146
-149
-147
-148
-143
-141
-135
-123
-116
-102
-103
-101
-91
-79
-70
-48
-23
-6
11
26
42
55
69
83
94
113
125
132
144
149
155
160
165
159
148
144
144
137
124
118
110
99
90
77
65
53
42
31
20
11
-10
-31
-51
-75
-91
-97
-101
-108
-108
-111
-113
-113
-110
-104
-98
-91
-85
-76
-72
-64
-49
-28
-5
10
25
54
78
104
124
144
170
191
211
236
261
282
295
306
314
327
337
344
347
352
358
364
364
365
370
368
361
354
346
325
303
285
260
246
226
206
190
170
147
130
103
72
50
26
2
-10
-25
-37
-46
-52
-59
-64
-71
-75
-75
-84
-87
-79
-76
-72
-58
-49
-36
-17
-1
9
27
40
54
69
89
104
121
144
161
178
192
208
223
233
242
250
259
264
264
262
263
265
259
261
250
244
235
218
200
182
163
144
125
107
88
73
62
43
31
15
-1
-20
-38
-49
-55
-62
-69
-75
-85
-88
-93
-92
-87
-85
-82
-72
-62
-48
-42
-41
-25
-15
-1
18
42
62
84
102
125
139
155
172
190
203
211
219
225
237
249
252
253
252
252
247
250
253
249
241
239
224
210
195
184
173
161
144
133
120
105
92
80
63
53
40
22
13
3
-12
-24
-29
-43
-53
-59
-59
-54
-59
-59
-62
-57
-49
-44
-36
-23
-10
2
19
31
51
66
80
101
117
137
164
178
194
210
218
233
245
261
273
287
299
301
309
310
311
309
307
296
289
289
276
265
254
240
233
225
211
196
187
171
158
144
129
113
102
88
76
66
55
44
29
19
8
0
-6
-13
-11
-3
0
7
14
18
29
40
50
63
77
95
114
122
137
151
165
185
198
215
230
242
258
270
287
295
302
310
311
314
311
311
313
313
312
317
317
316
313
306
302
297
280
266
257
243
228
210
200
182
173
162
150
