-31.2196
-31.4046
-31.9382
-32.7614
-33.7783
-34.8338
-35.6798
-35.9789
-35.3912
-33.7254
-31.0698
-27.8048
-24.4689
-21.555
-19.3595
-17.9584
-17.28
-17.1777
-17.4334
-17.719
-17.6094
-16.7029
-14.7993
-12.0028
-8.65324
-5.12185
-1.62542
1.7959
5.13343
8.24637
10.8539
12.7199
13.882
14.7114
15.7156
17.2177
19.1678
21.2477
23.1872
25.02
27.0494
29.5345
32.3653
35.0212
36.8929
37.7349
37.8914
38.1006
39.0111
40.7719
42.9923
45.072
46.6135
47.598
48.2266
48.6243
48.6984
48.2772
47.3777
46.3184
45.5326
45.2147
45.1104
44.6623
43.4245
41.4218
39.1528
37.2259
35.9144
34.987
33.9405
32.4291
30.5333
28.6559
27.1547
26.0358
24.9638
23.5629
21.7272
19.6638
17.6366
15.6513
13.3769
10.3918
6.54713
2.12869
-2.33493
-6.46242
-10.2715
-14.0677
-18.0593
-22.0397
-25.4405
-27.7577
-29.0259
-29.9423
-31.496
-34.341
-38.3645
-42.7668
-46.5928
-49.3294
-51.149
-52.6627
-54.4116
-56.4949
-58.5914
-60.3094
-61.5527
-62.6046
-63.8776
-65.547
-67.3687
-68.8307
-69.5226
-69.446
-69.0379
-68.8958
-69.4015
-70.4994
-71.7569
-72.6403
-72.8083
-72.244
-71.1823
-69.9226
-68.671
-67.4992
-66.4052
-65.3983
-64.5322
-63.8722
-63.4403
-63.1912
-63.0427
-62.9321
-62.8512
-62.8261
-62.8484
-62.8
-62.4199
-61.3495
-59.2526
-55.9733
-51.6631
-46.8004
-42.0576
-38.0372
-34.9892
-32.6661
-30.4359
-27.635
-23.9839
-19.8048
-15.8705
-12.9365
-11.236
-10.2782
-9.11426
-6.9188
-3.49915
0.627533
4.6518
8.08478
11.1097
14.3968
18.5069
23.3326
28.0167
31.4417
32.956
32.8136
32.0183
31.6976
32.4735
34.2657
36.6045
39.1311
41.8463
44.9167
48.2498
51.2627
53.1161
53.2837
52.0202
50.3283
49.3919
49.8524
51.4284
53.1304
53.8985
53.2156
51.3193
48.9583
46.9426
45.8052
45.714
46.5465
47.9619
49.4115
50.1776
49.5507
47.1218
43.0068
37.8114
32.3194
27.1027
22.3194
17.8159
13.4063
9.07324
4.93592
1.05926
-2.67364
-6.47265
-10.4072
-14.2644
-17.677
-20.4548
-22.842
-25.4512
-28.8793
-33.293
-38.3152
-43.3057
-47.8007
-51.7437
-55.328
-58.6235
-61.3624
-63.128
-63.8175
-63.9684
-64.5997
-66.6045
-70.1273
-74.4181
-78.3135
-81.0072
-82.5375
-83.6348
-85.0741
-87.055
-89.0934
-90.4845
-90.9369
-90.8556
-91.05
-92.1126
-93.9705
-95.9569
-97.3268
-97.7991
-97.7053
-97.6594
-98.0322
-98.643
-98.8847
-98.157
-96.2693
-93.5361
-90.5394
-87.7612
-85.3373
-83.0494
-80.4964
-77.303
-73.2583
-68.3645
-62.8275
-57.0109
-51.3555
-46.2677
-42.0142
-38.6702
-36.1363
-34.1949
-32.5572
-30.892
-28.8732
-26.2754
-23.085
-19.5273
-15.9336
-12.4954
-9.07895
-5.27857
-0.72509
4.55279
10.0094
14.8566
18.5836
21.3547
23.9599
27.3121
31.8247
37.1174
42.2664
46.4155
49.3029
51.3339
53.1872
55.2874
57.5561
59.6003
61.1438
62.3212
63.5905
65.3437
67.5425
69.6871
71.161
71.7026
71.6572
71.8182
72.9465
75.2652
78.2265
80.6867
81.3979
79.5862
75.3479
69.6784
64.095
59.991
58.0073
57.7388
57.9577
57.2654
54.8248
50.7537
45.9598
41.5461
38.1893
35.8796
34.1325
32.4421
30.6007
28.6705
26.6973
24.4687
21.5504
17.5744
12.5279
6.79481
0.925725
-4.65633
-9.77185
-14.3715
-18.3708
-21.6596
-24.3234
-26.8632
-30.1279
-34.8851
-41.276
-48.5688
-55.4489
-60.7025
-63.846
-65.2906
-65.976
-66.7865
-68.1726
-70.177
-72.7115
-75.7562
-79.2936
-83.0907
-86.6191
-89.2857
-90.839
-91.6104
-92.3412
-93.6829
-95.7415
-98.0256
-99.8341
-100.763
-100.922
-100.71
-100.363
-99.6984
-98.2741
-95.8195
-92.5477
-89.0519
-85.854
-82.9829
-79.954
-76.1914
-71.5632
-66.5998
-62.2145
-59.1363
-57.4733
-56.698
-56.0019
-54.7078
-52.4563
-49.1314
-44.7248
-39.3414
-33.3399
-27.3945
-22.2807
-18.4284
-15.5499
-12.6776
-8.68622
-3.00633
3.94251
10.9074
16.4646
19.7741
20.9771
21.0458
21.2466
22.5715
25.4256
29.6438
34.7178
40.0677
45.2543
50.1042
54.7366
59.4716
64.6234
70.2555
76.0419
81.3472
85.5091
88.1634
89.4141
89.7581
89.8416
90.2198
91.242
93.0518
95.5998
98.6058
101.521
103.616
104.238
103.147
100.693
97.6985
95.0688
93.3911
92.7607
92.9215
93.563
94.5214
95.7414
97.0729
98.1162
98.2753
96.9887
93.9632
89.2468
83.1431
76.1029
68.7203
61.8043
56.3526
53.2847
52.9921
54.9786
57.889
60.0034
59.9544
57.2535
52.3302
46.1129
39.4733
32.8997
26.5477
20.5174
15.0664
10.5647
7.23851
4.9253
3.04522
0.82285
-2.38179
-6.82191
-12.2961
-18.2471
-23.9513
-28.7405
-32.2245
-34.4677
-36.028
-37.7782
-40.5289
-44.6278
-49.7684
-55.152
-59.9171
-63.5699
-66.1483
-68.0454
-69.6631
-71.1682
-72.5069
-73.605
-74.5339
-75.4796
-76.5502
-77.6198
-78.3816
-78.5861
-78.2585
-77.6885
-77.1797
-76.7755
-76.2248
-75.2529
-73.924
-72.7525
-72.3969
-73.1158
-74.4122
-75.2076
-74.5012
-72.0764
-68.7238
-65.775
-64.2405
-64.1586
-64.6226
-64.4632
-63.0782
-60.7961
-58.5153
-56.9133
-55.8454
-54.4104
-51.6496
-47.3626
-42.424
-38.3459
-36.373
-36.7253
-38.4809
-40.1358
-40.4253
-38.8699
-35.7634
-31.7322
-27.2517
-22.4451
-17.2134
-11.4976
-5.43414
0.677123
6.49236
11.693
15.9761
19.062
20.8143
21.4244
21.4823
21.7775
22.8796
24.7633
26.7779
28.037
27.9902
26.7779
25.1146
23.8044
23.2646
23.4098
23.9341
24.6959
25.8353
27.5159
29.5486
31.3005
32.0666
31.6583
30.7113
30.3752
31.5331
34.1089
37.0158
38.8306
38.7236
36.9593
34.6107
32.7367
31.6748
30.9781
29.983
28.4808
26.9109
25.9283
25.7477
25.8633
25.4143
23.9017
21.6454
19.5774
18.5267
18.5834
19.0612
19.0733
18.2154
16.7792
15.3399
14.1186
12.7184
10.4958
7.25026
3.59838
0.645507
-0.828671
-1.00409
-0.916303
-1.65284
-3.47828
-5.59856
-6.76623
-6.24488
-4.35908
-2.20074
-0.75437
-0.168201
0.246113
1.3224
3.26501
5.44401
6.91245
7.1832
6.5953
5.96528
5.83578
5.97696
5.58032
3.99875
1.42373
-1.07026
-2.18356
-1.2734
1.18286
3.86261
5.39824
5.1597
3.55625
1.75949
1.09373
2.4428
5.9032
10.744
15.6476
19.1827
20.3985
19.311
16.9896
15.089
15.0034
17.1239
20.6835
24.3173
26.9648
28.4888
29.5956
31.1672
33.5522
36.3539
38.8275
40.4992
41.4711
42.1795
42.8606
43.2243
42.6376
40.6662
37.5099
33.9664
30.9636
29.0491
28.2212
28.1548
28.5366
29.1826
29.8853
30.2381
29.7207
28.0464
25.4635
22.6751
20.3646
18.6991
17.2518
15.4472
13.1552
10.8926
9.41414
9.03092
9.28124
9.30344
8.6307
7.6943
7.50929
8.71544
10.7671
12.039
10.8975
6.94974
1.45006
-3.5377
-6.62116
-8.04467
-9.36029
-12.0628
-16.2964
-20.6922
-23.4718
-23.9107
-22.9622
-22.5341
-24.0207
-27.2869
-30.9017
-33.3693
-34.3005
-34.5691
-35.3954
-37.2133
-39.3281
-40.6469
-40.8108
-40.6966
-41.8021
-44.9992
-49.6963
-54.1267
-56.5433
-56.3652
-54.3865
-51.9595
-49.8964
-48.0106
-45.614
-42.4514
-39.2075
-37.1248
-37.0576
-38.7606
-40.9933
-42.3357
-42.0524
-40.377
-38.1153
-36.0081
-34.3893
-33.3083
-32.8476
-33.2529
-34.7677
-37.3961
-40.8727
-44.8535
-49.0666
-53.2001
-56.6332
-58.4004
-57.649
-54.3606
-49.7046
-45.539
-43.2557
-42.8355
-42.9699
-42.2855
-40.7
-39.6391
-40.6623
-43.4354
-44.8011
-40.1165
-26.3282
-4.7071
18.9248
37.0255
44.5579
41.8004
33.8155
26.9612
24.8924
26.7646
28.6677
26.9653
20.9758
13.1506
6.92243
4.09798
3.80356
3.58894
1.57574
-2.14116
-5.84364
-7.80525
-7.73892
-6.93651
-7.12725
-9.09951
-12.1983
-14.9833
-16.3804
-16.3691
-15.7615
-15.4207
-15.6406
-16.1255
-16.4182
-16.2864
-15.7538
-14.8904
-13.7069
-12.3137
-11.1322
-10.8076
-11.7442
-13.6186
-15.3677
-15.8074
-14.4659
-11.9559
-9.52584
-8.10991
-7.64411
-7.21893
-5.9411
-3.76517
-1.57448
-0.437638
-0.686386
-1.62033
-2.09635
-1.48102
-0.122696
1.07187
1.56767
1.78595
2.79195
5.34606
9.17543
13.1551
16.2758
18.5308
20.8656
24.1327
27.9229
30.368
29.286
23.9176
15.9239
8.78401
5.92133
8.83897
16.5197
26.371
35.876
43.7254
49.7957
54.346
57.3556
58.6119
58.3299
57.5249
57.5827
59.2552
61.9311
63.9013
63.5327
60.4802
55.9811
52.0038
49.9396
49.8749
50.9647
52.4908
54.6372
58.297
64.0933
71.4852
78.7649
83.9928
86.1236
85.4332
82.9599
79.5046
75.0762
69.2397
62.0141
54.4758
48.4643
45.5503
46.0548
48.8794
52.257
54.8181
56.1737
56.6734
56.6881
56.1114
54.505
51.701
48.259
45.2946
43.7393
43.5804
43.6749
42.3114
38.1613
31.0275
21.9878
12.9463
5.91119
2.35043
2.80444
6.776
12.8732
19.2001
23.943
25.971
25.1698
22.3156
18.5512
14.7856
11.3705
8.18923
4.98407
1.61553
-1.9142
-5.57863
-9.35598
-13.0674
-16.1828
-17.8752
-17.4393
-14.8446
-10.9892
-7.36547
-5.26991
-5.05933
-5.95601
-6.52993
-5.5251
-2.50841
1.98086
6.72257
10.2616
11.2919
8.98395
3.34245
-4.4824
-12.2414
-17.2722
-17.7057
-13.5632
-6.95706
-1.066
1.61631
0.669332
-2.16225
-4.24366
-3.80647
-0.972837
2.6025
5.09725
5.81801
5.49896
5.51087
6.72317
8.94095
11.2724
12.9892
14.0925
15.1418
16.5952
18.3233
19.7509
20.4727
20.744
21.3714
23.0838
25.9482
29.3515
32.5448
35.2301
37.6359
40.0258
42.1542
43.2788
42.8383
41.2363
39.9489
40.6647
43.9952
48.7633
52.539
53.1639
50.223
45.4105
41.5372
40.8986
44.1203
50.1479
57.1561
63.5621
68.4553
71.3998
72.1179
70.5334
67.1454
63.2317
60.4374
59.8613
61.3005
63.3248
64.2468
63.3248
61.3005
59.8613
60.4374
63.2317
67.1454
70.5334
72.1179
71.3998
68.4553
63.5621
57.1561
50.1479
44.1203
40.8986
41.5372
45.4105
50.223
53.1639
52.539
48.7633
43.9952
40.6647
39.9489
41.2363
42.8383
43.2788
42.1542
40.0258
37.6359
35.2301
32.5448
29.3515
25.9482
23.0838
21.3714
20.744
20.4727
19.7509
18.3233
16.5952
15.1418
14.0925
12.9892
11.2724
8.94095
6.72317
5.51087
5.49896
5.81801
5.09725
2.6025
-0.972837
-3.80647
-4.24366
-2.16225
0.669332
1.61631
-1.066
-6.95706
-13.5632
-17.7057
-17.2722
-12.2414
-4.4824
3.34245
8.98395
11.2919
10.2616
6.72257
1.98086
-2.50841
-5.5251
-6.52993
-5.95601
-5.05933
-5.26991
-7.36547
-10.9892
-14.8446
-17.4393
-17.8752
-16.1828
-13.0674
-9.35598
-5.57863
-1.9142
1.61553
4.98407
8.18923
11.3705
14.7856
18.5512
22.3156
25.1698
25.971
23.943
19.2001
12.8732
6.776
2.80444
2.35043
5.91119
12.9463
21.9878
31.0275
38.1613
42.3114
43.6749
43.5804
43.7393
45.2946
48.259
51.701
54.505
56.1114
56.6881
56.6734
56.1737
54.8181
52.257
48.8794
46.0548
45.5503
48.4643
54.4758
62.0141
69.2397
75.0762
79.5046
82.9599
85.4332
86.1236
83.9928
78.7649
71.4852
64.0933
58.297
54.6372
52.4908
50.9647
49.8749
49.9396
52.0038
55.9811
60.4802
63.5327
63.9013
61.9311
59.2552
57.5827
57.5249
58.3299
58.6119
57.3556
54.346
49.7957
43.7254
35.876
26.371
16.5197
8.83897
5.92133
8.78401
15.9239
23.9176
29.286
30.368
27.9229
24.1327
20.8656
18.5308
16.2758
13.1551
9.17543
5.34606
2.79195
1.78595
1.56767
1.07187
-0.122696
-1.48102
-2.09635
-1.62033
-0.686386
-0.437638
-1.57448
-3.76517
-5.9411
-7.21893
-7.64411
-8.10991
-9.52584
-11.9559
-14.4659
-15.8074
-15.3677
-13.6186
-11.7442
-10.8076
-11.1322
-12.3137
-13.7069
-14.8904
-15.7538
-16.2864
-16.4182
-16.1255
-15.6406
-15.4207
-15.7615
-16.3691
-16.3804
-14.9833
-12.1983
-9.09951
-7.12725
-6.93651
-7.73892
-7.80525
-5.84364
-2.14116
1.57574
3.58894
3.80356
4.09798
6.92243
13.1506
20.9758
26.9653
28.6677
26.7646
24.8924
26.9612
33.8155
41.8004
44.5579
37.0255
18.9248
-4.7071
-26.3282
-40.1165
-44.8011
-43.4354
-40.6623
-39.6391
-40.7
-42.2855
-42.9699
-42.8355
-43.2557
-45.539
-49.7046
-54.3606
-57.649
-58.4004
-56.6332
-53.2001
-49.0666
-44.8535
-40.8727
-37.3961
-34.7677
-33.2529
-32.8476
-33.3083
-34.3893
-36.0081
-38.1153
-40.377
-42.0524
-42.3357
-40.9933
-38.7606
-37.0576
-37.1248
-39.2075
-42.4514
-45.614
-48.0106
-49.8964
-51.9595
-54.3865
-56.3652
-56.5433
-54.1267
-49.6963
-44.9992
-41.8021
-40.6966
-40.8108
-40.6469
-39.3281
-37.2133
-35.3954
-34.5691
-34.3005
-33.3693
-30.9017
-27.2869
-24.0207
-22.5341
-22.9622
-23.9107
-23.4718
-20.6922
-16.2964
-12.0628
-9.36029
-8.04467
-6.62116
-3.5377
1.45006
6.94974
10.8975
12.039
10.7671
8.71544
7.50929
7.6943
8.6307
9.30344
9.28124
9.03092
9.41414
10.8926
13.1552
15.4472
17.2518
18.6991
20.3646
22.6751
25.4635
28.0464
29.7207
30.2381
29.8853
29.1826
28.5366
28.1548
28.2212
29.0491
30.9636
33.9664
37.5099
40.6662
42.6376
43.2243
42.8606
42.1795
41.4711
40.4992
38.8275
36.3539
33.5522
31.1672
29.5956
28.4888
26.9648
24.3173
20.6835
17.1239
15.0034
15.089
16.9896
19.311
20.3985
19.1827
15.6476
10.744
5.9032
2.4428
1.09373
1.75949
3.55625
5.1597
5.39824
3.86261
1.18286
-1.2734
-2.18356
-1.07026
1.42373
3.99875
5.58032
5.97696
5.83578
5.96528
6.5953
7.1832
6.91245
5.44401
3.26501
1.3224
0.246113
-0.168201
-0.75437
-2.20074
-4.35908
-6.24488
-6.76623
-5.59856
-3.47828
-1.65284
-0.916303
-1.00409
-0.828671
0.645507
3.59838
7.25026
10.4958
12.7184
14.1186
15.3399
16.7792
18.2154
19.0733
19.0612
18.5834
18.5267
19.5774
21.6454
23.9017
25.4143
25.8633
25.7477
25.9283
26.9109
28.4808
29.983
30.9781
31.6748
32.7367
34.6107
36.9593
38.7236
38.8306
37.0158
34.1089
31.5331
30.3752
30.7113
31.6583
32.0666
31.3005
29.5486
27.5159
25.8353
24.6959
23.9341
23.4098
23.2646
23.8044
25.1146
26.7779
27.9902
28.037
26.7779
24.7633
22.8796
21.7775
21.4823
21.4244
20.8143
19.062
15.9761
11.693
6.49236
0.677123
-5.43414
-11.4976
-17.2134
-22.4451
-27.2517
-31.7322
-35.7634
-38.8699
-40.4253
-40.1358
-38.4809
-36.7253
-36.373
-38.3459
-42.424
-47.3626
-51.6496
-54.4104
-55.8454
-56.9133
-58.5153
-60.7961
-63.0782
-64.4632
-64.6226
-64.1586
-64.2405
-65.775
-68.7238
-72.0764
-74.5012
-75.2076
-74.4122
-73.1158
-72.3969
-72.7525
-73.924
-75.2529
-76.2248
-76.7755
-77.1797
-77.6885
-78.2585
-78.5861
-78.3816
-77.6198
-76.5502
-75.4796
-74.5339
-73.605
-72.5069
-71.1682
-69.6631
-68.0454
-66.1483
-63.5699
-59.9171
-55.152
-49.7684
-44.6278
-40.5289
-37.7782
-36.028
-34.4677
-32.2245
-28.7405
-23.9513
-18.2471
-12.2961
-6.82191
-2.38179
0.82285
3.04522
4.9253
7.23851
10.5647
15.0664
20.5174
26.5477
32.8997
39.4733
46.1129
52.3302
57.2535
59.9544
60.0034
57.889
54.9786
52.9921
53.2847
56.3526
61.8043
68.7203
76.1029
83.1431
89.2468
93.9632
96.9887
98.2753
98.1162
97.0729
95.7414
94.5214
93.563
92.9215
92.7607
93.3911
95.0688
97.6985
100.693
103.147
104.238
103.616
101.521
98.6058
95.5998
93.0518
91.242
90.2198
89.8416
89.7581
89.4141
88.1634
85.5091
81.3472
76.0419
70.2555
64.6234
59.4716
54.7366
50.1042
45.2543
40.0677
34.7178
29.6438
25.4256
22.5715
21.2466
21.0458
20.9771
19.7741
16.4646
10.9074
3.94251
-3.00633
-8.68622
-12.6776
-15.5499
-18.4284
-22.2807
-27.3945
-33.3399
-39.3414
-44.7248
-49.1314
-52.4563
-54.7078
-56.0019
-56.698
-57.4733
-59.1363
-62.2145
-66.5998
-71.5632
-76.1914
-79.954
-82.9829
-85.854
-89.0519
-92.5477
-95.8195
-98.2741
-99.6984
-100.363
-100.71
-100.922
-100.763
-99.8341
-98.0256
-95.7415
-93.6829
-92.3412
-91.6104
-90.839
-89.2857
-86.6191
-83.0907
-79.2936
-75.7562
-72.7115
-70.177
-68.1726
-66.7865
-65.976
-65.2906
-63.846
-60.7025
-55.4489
-48.5688
-41.276
-34.8851
-30.1279
-26.8632
-24.3234
-21.6596
-18.3708
-14.3715
-9.77185
-4.65633
0.925725
6.79481
12.5279
17.5744
21.5504
24.4687
26.6973
28.6705
30.6007
32.4421
34.1325
35.8796
38.1893
41.5461
45.9598
50.7537
54.8248
57.2654
57.9577
57.7388
58.0073
59.991
64.095
69.6784
75.3479
79.5862
81.3979
80.6867
78.2265
75.2652
72.9465
71.8182
71.6572
71.7026
71.161
69.6871
67.5425
65.3437
63.5905
62.3212
61.1438
59.6003
57.5561
55.2874
53.1872
51.3339
49.3029
46.4155
42.2664
37.1174
31.8247
27.3121
23.9599
21.3547
18.5836
14.8566
10.0094
4.55279
-0.72509
-5.27857
-9.07895
-12.4954
-15.9336
-19.5273
-23.085
-26.2754
-28.8732
-30.892
-32.5572
-34.1949
-36.1363
-38.6702
-42.0142
-46.2677
-51.3555
-57.0109
-62.8275
-68.3645
-73.2583
-77.303
-80.4964
-83.0494
-85.3373
-87.7612
-90.5394
-93.5361
-96.2693
-98.157
-98.8847
-98.643
-98.0322
-97.6594
-97.7053
-97.7991
-97.3268
-95.9569
-93.9705
-92.1126
-91.05
-90.8556
-90.9369
-90.4845
-89.0934
-87.055
-85.0741
-83.6348
-82.5375
-81.0072
-78.3135
-74.4181
-70.1273
-66.6045
-64.5997
-63.9684
-63.8175
-63.128
-61.3624
-58.6235
-55.328
-51.7437
-47.8007
-43.3057
-38.3152
-33.293
-28.8793
-25.4512
-22.842
-20.4548
-17.677
-14.2644
-10.4072
-6.47265
-2.67364
1.05926
4.93592
9.07324
13.4063
17.8159
22.3194
27.1027
32.3194
37.8114
43.0068
47.1218
49.5507
50.1776
49.4115
47.9619
46.5465
45.714
45.8052
46.9426
48.9583
51.3193
53.2156
53.8985
53.1304
51.4284
49.8524
49.3919
50.3283
52.0202
53.2837
53.1161
51.2627
48.2498
44.9167
41.8463
39.1311
36.6045
34.2657
32.4735
31.6976
32.0183
32.8136
32.956
31.4417
28.0167
23.3326
18.5069
14.3968
11.1097
8.08478
4.6518
0.627533
-3.49915
-6.9188
-9.11426
-10.2782
-11.236
-12.9365
-15.8705
-19.8048
-23.9839
-27.635
-30.4359
-32.6661
-34.9892
-38.0372
-42.0576
-46.8004
-51.6631
-55.9733
-59.2526
-61.3495
-62.4199
-62.8
-62.8484
-62.8261
-62.8512
-62.9321
-63.0427
-63.1912
-63.4403
-63.8722
-64.5322
-65.3983
-66.4052
-67.4992
-68.671
-69.9226
-71.1823
-72.244
-72.8083
-72.6403
-71.7569
-70.4994
-69.4015
-68.8958
-69.0379
-69.446
-69.5226
-68.8307
-67.3687
-65.547
-63.8776
-62.6046
-61.5527
-60.3094
-58.5914
-56.4949
-54.4116
-52.6627
-51.149
-49.3294
-46.5928
-42.7668
-38.3645
-34.341
-31.496
-29.9423
-29.0259
-27.7577
-25.4405
-22.0397
-18.0593
-14.0677
-10.2715
-6.46242
-2.33493
2.12869
6.54713
10.3918
13.3769
15.6513
17.6366
19.6638
21.7272
23.5629
24.9638
26.0358
27.1547
28.6559
30.5333
32.4291
33.9405
34.987
35.9144
37.2259
39.1528
41.4218
43.4245
44.6623
45.1104
45.2147
45.5326
46.3184
47.3777
48.2772
48.6984
48.6243
48.2266
47.598
46.6135
45.072
42.9923
40.7719
39.0111
38.1006
37.8914
37.7349
36.8929
35.0212
32.3653
29.5345
27.0494
25.02
23.1872
21.2477
19.1678
17.2177
15.7156
14.7114
13.882
12.7199
10.8539
8.24637
5.13343
1.7959
-1.62542
-5.12185
-8.65324
-12.0028
-14.7993
-16.7029
-17.6094
-17.719
-17.4334
-17.1777
-17.28
-17.9584
-19.3595
-21.555
-24.4689
-27.8048
-31.0698
-33.7254
-35.3912
-35.9789
-35.6798
-34.8338
-33.7783
-32.7614
-31.9382
-31.4046
