0
-4051.8
1727.9
-4348.52
-1885.08
7221.89
71.9818
8836.84
5917.41
-16559.3
15938.5
-3127.67
-3516.02
22761.2
41136
51335.6
27916.6
-13924.3
-11481.5
6976.44
-5386.76
2141.05
963.967
-2559.87
1362.14
-1154.39
19.4927
-513.048
-1415.28
966.22
-2702.6
485.438
-296.97
-604.555
1132.33
-210.68
-1385.12
2255.47
-1289.07
545.652
-288.236
-515.891
405.61
-1481.15
-539.75
318.235
-1497.23
2010.9
-887.886
788.664
927.49
915.675
747.019
829.605
-334.962
1591.06
-845.623
601.667
552.623
-441.717
480.511
-598.799
1906.94
540.09
-458.052
141.107
611.381
-902.929
577.915
-641.573
-245.585
-112.526
-490.396
-326.277
-21.6094
460.16
5.24412
-462.638
639.55
-273.934
-241.211
-97.3558
-491.209
-592.478
1079.67
-978.276
1416.34
-357.004
-136.923
804.644
-900.11
1206.46
551.762
-1102.09
-47.4038
-1322.28
562.414
-80.6218
-118.989
-479.807
-161.65
52.7686
-690.462
-168.831
-562.149
1684.42
-2448.17
1094.1
-1346.79
-709.163
1070.47
-1601.22
1500.33
-380.625
-496.191
-1324.74
315.517
374.915
214.443
-226.543
119.402
-537.538
43.4782
-34.1752
-517.621
-322.725
881.924
71.3598
723.405
-737.222
-276.531
1074.56
-694.671
128.943
-1033.02
1720.86
967.165
-704.538
-21.2171
-831.733
-597.297
623.761
-132.361
304.062
834.403
-467.103
-552.674
-98.0251
-471.14
603.163
-214.5
202.232
-53.2061
-87.6951
672.432
-839.102
-10.8718
448.359
231.333
210.415
55.7495
-573.353
573.445
126.374
-634.12
786.111
-776.037
819.721
-490.154
-491.713
223.209
-412.353
439.053
-369.788
-140.181
344.721
-148.211
-248.731
-229.846
-565.06
159.608
-79.1978
-313.167
575.268
-502.067
369.098
-33.9752
-361.884
117.319
-288.849
-150.048
3.70398
-133.378
130.219
219.913
-545.921
439.333
-138.193
360.873
380.261
-156.049
265.618
-599.239
191.67
-134.909
43.392
-258.701
-193.646
-243.302
-336.425
287.841
-555.428
286.853
-494.083
639.989
-516.492
196.37
-479.346
205.825
-119.701
754.757
-621.182
417.337
-596.388
462.244
76.5572
-375.712
87.3982
-190.847
211.461
-9.3473
-159.319
302.027
104.466
-160.405
221.399
-259.077
-306.634
602.284
-34.2426
110.101
119.799
-204.806
410.039
-22.6979
244.298
-135.561
-379.327
111.292
-116.456
251.023
76.9592
-378.283
247.351
315.432
-369.659
299.301
-300.338
117.82
-42.2405
-260.098
166.643
-347.901
139.393
106.109
-190.412
-52.114
200.108
-269.491
362.966
-202.65
233.356
-3.6352
-80.8375
-9.74398
-368.041
-157.624
-78.7752
-1.56165
437.489
-123.451
-23.4072
105.944
-171.373
262.486
298.931
-300.812
109.737
-159.252
-179.653
257.672
-201.373
4.30915
78.3067
-111.89
193.972
-174.302
258.621
-38.8328
-237.095
48.9128
84.9225
71.5758
34.6195
-76.2463
380.196
-121.963
-75.0853
-92.5465
-263.564
175.625
160.163
-196.467
166.439
2.15146
-90.5684
245.93
-466.59
233.11
158.586
-26.0365
142.759
-307.896
144.044
156.287
0
0
0
0
0
0
0
0
0
0
0
0
0
0
0
0
0
0
0
0
0
0
0
0
0
0
0
0
0
0
0
0
0
0
0
0
0
0
0
0
0
0
0
0
0
0
0
0
0
0
0
0
0
0
0
0
0
0
0
0
0
0
0
0
0
0
0
0
0
0
0
0
0
0
0
0
0
0
0
0
0
0
0
0
0
0
0
0
0
0
0
0
0
0
0
0
0
0
0
0
0
0
0
0
0
0
0
0
0
0
0
0
0
0
0
0
0
0
0
0
0
0
0
0
0
0
0
0
0
0
0
0
0
0
0
0
0
0
0
0
0
0
0
0
0
0
0
0
0
0
0
0
0
0
0
0
0
0
0
0
0
0
0
0
0
0
0
0
0
0
0
0
0
0
0
0
0
0
0
0
0
0
0
0
0
0
0
0
0
0
0
0
0
0
0
0
0
0
0
0
0
0
0
0
0
0
0
0
0
0
0
0
0
0
0
0
0
0
0
0
0
0
0
0
0
0
0
0
0
0
0
0
0
0
0
0
0
0
0
0
0
0
0
0
0
0
0
0
0
0
0
0
0
0
0
0
0
0
0
0
0
0
0
0
0
0
0
0
0
0
0
0
0
0
0
0
0
0
0
0
0
0
0
0
0
0
0
0
0
0
0
0
0
0
0
0
0
0
0
0
0
0
0
0
0
0
0
0
0
0
0
0
0
0
0
0
0
0
0
0
0
0
0
0
0
0
0
0
0
0
0
0
0
0
0
0
0
0
0
0
0
0
0
0
0
0
0
0
0
0
0
0
0
0
0
0
0
0
0
0
0
0
0
0
0
0
0
0
0
0
0
0
0
0
0
0
0
0
0
0
0
0
0
0
0
0
0
0
0
0
0
0
0
0
0
0
0
0
0
0
0
0
0
0
0
0
0
0
0
0
0
0
0
0
0
0
0
0
0
0
0
0
0
0
0
0
0
0
0
0
0
0
0
0
0
0
0
0
0
0
0
0
0
0
0
0
0
0
0
0
0
0
0
0
0
0
0
0
0
0
0
0
0
0
0
0
0
0
0
0
0
0
0
0
0
0
0
0
0
0
0
0
0
0
0
0
0
0
0
0
0
0
0
0
0
0
0
0
0
0
0
0
0
0
0
0
0
0
0
0
0
0
0
0
0
0
0
0
0
0
0
0
0
0
0
0
0
0
0
0
0
0
0
0
0
0
0
0
0
0
0
0
0
0
0
0
0
0
0
0
0
0
0
0
0
0
0
0
0
0
0
0
0
0
0
0
0
0
0
0
0
0
0
0
0
0
0
0
0
0
0
0
0
0
0
0
0
0
0
0
0
0
0
0
0
0
0
0
0
0
0
0
0
0
0
0
0
0
0
0
0
0
0
0
0
0
0
0
0
0
0
0
0
0
0
0
0
0
0
0
0
0
0
0
0
0
0
0
0
0
0
0
0
0
0
0
0
0
0
0
0
0
0
0
0
0
0
0
0
0
0
0
0
0
0
0
0
0
0
0
0
0
0
0
0
0
0
0
0
0
0
0
0
0
0
0
0
0
0
0
0
0
0
0
0
0
0
0
0
0
0
0
0
0
0
0
0
0
0
0
0
0
0
0
0
0
0
0
0
0
0
0
0
0
0
0
0
0
0
0
0
0
0
0
0
0
0
0
0
0
0
0
0
0
0
0
0
0
0
0
0
0
0
0
0
0
0
0
0
0
0
0
0
0
0
0
0
0
0
0
0
0
0
0
0
0
0
0
0
0
0
0
0
0
0
0
0
0
0
0
0
0
0
0
0
0
0
0
0
0
0
0
0
0
0
0
0
0
0
0
0
0
0
0
0
0
0
0
0
0
0
0
0
0
0
0
0
0
0
0
0
0
0
0
0
0
0
0
0
0
0
0
0
0
0
0
0
0
0
0
0
0
0
0
0
0
0
0
0
0
0
0
0
0
0
0
0
0
0
0
0
0
0
0
0
0
0
0
0
0
0
0
0
0
0
0
0
0
0
0
0
0
0
0
0
0
0
0
0
0
0
0
0
0
0
0
0
0
0
0
0
0
0
0
0
0
0
0
0
0
0
0
0
0
0
0
0
0
0
0
0
0
0
0
0
0
0
0
0
0
0
0
0
0
0
0
0
0
0
0
0
0
0
0
0
0
0
0
0
0
0
0
0
0
0
0
0
0
0
0
0
0
0
0
0
0
0
0
0
0
0
0
0
0
0
0
0
0
0
0
0
0
0
0
0
0
0
0
0
0
0
0
0
0
0
0
0
0
0
0
0
0
0
0
0
0
0
0
0
0
0
0
0
0
0
0
0
0
0
0
0
0
0
0
0
0
0
0
0
0
0
0
0
0
0
0
0
0
0
0
0
0
0
0
0
0
0
0
0
0
0
0
0
0
0
0
0
0
0
0
0
0
0
0
0
0
0
0
0
0
0
0
0
0
0
0
0
0
0
0
0
0
0
0
0
0
0
0
0
0
0
0
0
0
0
0
0
0
0
0
0
0
0
0
0
0
0
0
0
0
0
0
0
0
0
0
0
0
0
0
0
0
0
0
0
0
0
0
0
0
0
0
0
0
0
0
0
0
0
0
0
0
0
0
0
0
0
0
0
0
0
0
0
0
0
0
0
0
0
0
0
0
0
0
0
0
0
0
0
0
0
0
0
0
0
0
0
0
0
0
0
0
0
0
0
0
0
0
0
0
0
0
0
0
0
0
0
0
0
0
0
0
0
0
0
0
0
0
0
0
0
0
0
0
0
0
0
0
0
0
0
0
0
0
0
0
0
0
0
0
0
0
0
0
0
0
0
0
0
0
0
0
0
0
0
0
0
0
0
0
0
0
0
0
0
0
0
0
0
0
0
0
0
0
0
0
0
0
0
0
0
0
0
0
0
0
0
0
0
0
0
0
0
0
0
0
0
0
0
0
0
0
0
0
0
0
0
0
0
0
0
0
0
0
0
0
0
0
0
0
0
0
0
0
0
0
0
0
0
0
0
0
0
0
0
0
0
0
0
0
0
0
0
0
0
0
0
0
0
0
0
0
0
0
0
0
0
0
0
0
0
0
0
0
0
0
0
0
0
0
0
0
0
0
0
0
0
0
0
0
0
0
0
0
0
0
0
0
0
0
0
0
0
0
0
0
0
0
0
156.287
144.044
-307.896
142.759
-26.0365
158.586
233.11
-466.59
245.93
-90.5684
2.15146
166.439
-196.467
160.163
175.625
-263.564
-92.5465
-75.0853
-121.963
380.196
-76.2463
34.6195
71.5758
84.9225
48.9128
-237.095
-38.8328
258.621
-174.302
193.972
-111.89
78.3067
4.30915
-201.373
257.672
-179.653
-159.252
109.737
-300.812
298.931
262.486
-171.373
105.944
-23.4072
-123.451
437.489
-1.56165
-78.7752
-157.624
-368.041
-9.74398
-80.8375
-3.6352
233.356
-202.65
362.966
-269.491
200.108
-52.114
-190.412
106.109
139.393
-347.901
166.643
-260.098
-42.2405
117.82
-300.338
299.301
-369.659
315.432
247.351
-378.283
76.9592
251.023
-116.456
111.292
-379.327
-135.561
244.298
-22.6979
410.039
-204.806
119.799
110.101
-34.2426
602.284
-306.634
-259.077
221.399
-160.405
104.466
302.027
-159.319
-9.3473
211.461
-190.847
87.3982
-375.712
76.5572
462.244
-596.388
417.337
-621.182
754.757
-119.701
205.825
-479.346
196.37
-516.492
639.989
-494.083
286.853
-555.428
287.841
-336.425
-243.302
-193.646
-258.701
43.392
-134.909
191.67
-599.239
265.618
-156.049
380.261
360.873
-138.193
439.333
-545.921
219.913
130.219
-133.378
3.70398
-150.048
-288.849
117.319
-361.884
-33.9752
369.098
-502.067
575.268
-313.167
-79.1978
159.608
-565.06
-229.846
-248.731
-148.211
344.721
-140.181
-369.788
439.053
-412.353
223.209
-491.713
-490.154
819.721
-776.037
786.111
-634.12
126.374
573.445
-573.353
55.7495
210.415
231.333
448.359
-10.8718
-839.102
672.432
-87.6951
-53.2061
202.232
-214.5
603.163
-471.14
-98.0251
-552.674
-467.103
834.403
304.062
-132.361
623.761
-597.297
-831.733
-21.2171
-704.538
967.165
1720.86
-1033.02
128.943
-694.671
1074.56
-276.531
-737.222
723.405
71.3598
881.924
-322.725
-517.621
-34.1752
43.4782
-537.538
119.402
-226.543
214.443
374.915
315.517
-1324.74
-496.191
-380.625
1500.33
-1601.22
1070.47
-709.163
-1346.79
1094.1
-2448.17
1684.42
-562.149
-168.831
-690.462
52.7686
-161.65
-479.807
-118.989
-80.6218
562.414
-1322.28
-47.4038
-1102.09
551.762
1206.46
-900.11
804.644
-136.923
-357.004
1416.34
-978.276
1079.67
-592.478
-491.209
-97.3558
-241.211
-273.934
639.55
-462.638
5.24412
460.16
-21.6094
-326.277
-490.396
-112.526
-245.585
-641.573
577.915
-902.929
611.381
141.107
-458.052
540.09
1906.94
-598.799
480.511
-441.717
552.623
601.667
-845.623
1591.06
-334.962
829.605
747.019
915.675
927.49
788.664
-887.886
2010.9
-1497.23
318.235
-539.75
-1481.15
405.61
-515.891
-288.236
545.652
-1289.07
2255.47
-1385.12
-210.68
1132.33
-604.555
-296.97
485.438
-2702.6
966.22
-1415.28
-513.048
19.4927
-1154.39
1362.14
-2559.87
963.967
2141.05
-5386.76
6976.44
-11481.5
-13924.3
27916.6
51335.6
41136
22761.2
-3516.02
-3127.67
15938.5
-16559.3
5917.41
8836.84
71.9818
7221.89
-1885.08
-4348.52
1727.9
-4051.8
