0
-14093.2
5486.19
-4973.76
11398.7
954.69
4297.43
4340.47
-11082.8
12763.8
8419.37
-13290.3
5299.09
11288.1
21123.6
-20585.6
-37157
-30829.2
11508.3
836.653
-1557.77
3908.79
-4140.27
1294.79
-1135.59
-479.202
359.818
-1999.98
1141.51
-770.558
636.899
1441.72
-203.953
356.917
651.983
-1035.9
1791.35
-975.01
-911.537
957.106
-1333.45
1093.96
-512.197
-330.772
1006.59
-1898.29
996.583
575.765
-1261
1333.8
-1457.27
1618.74
2596.74
-2490.38
1129.71
157.018
-2006.41
388.121
-507.925
-26.7911
805.542
-849.354
1545.21
-1186.95
-612.918
597.045
-425.767
484.69
401.998
-945.076
1228.86
-660.651
-387.804
1155.73
-1235.51
728.912
-150.723
348.068
538.004
-860.242
557.145
456.682
-602.722
669.037
718.984
-411.101
-912.889
-926.064
222.278
-771.322
912.35
171.039
-192.453
-1351.48
856.623
-8.61007
307.142
-427.516
-549.813
1627.48
-1628.62
1697.2
-2150.07
1090.72
345.364
-600.957
414.596
-668.249
270.9
-67.8514
1089.96
-616.564
430.558
303.123
-439.914
265.106
-1051.69
444.428
-1023.71
162.411
33.557
500.589
1183.62
-612.125
302.084
922.064
-747.34
553.985
-705.317
393.919
528.275
-221.173
68.5831
177.605
135.894
916.18
-565.194
68.1448
-277.274
320.957
664.819
-286.724
-264.939
1051.53
-92.1292
32.0109
-194.991
-61.1554
1047.33
77.6492
-359.126
720.2
-25.2373
105.345
150.261
-929.777
1131.52
52.1482
138.709
357.78
-1224.68
991.89
-241.09
206.421
-724.275
295.581
-273.225
516.893
-470.669
48.5572
647.6
-623.647
323.512
-237.39
585.894
265.816
-964.035
78.5147
-260.183
113.285
-13.1551
-63.9369
373.788
-432.837
189.273
55.7214
-62.3017
204.662
-55.816
-732.411
116.64
39.5898
348.076
374.142
164.338
-44.5517
6.473
-136.302
95.6749
51.6367
-467.619
3.28126
-416.052
591.864
-26.9814
-237.946
533.077
-1061.23
743.42
-410.309
94.9426
-491.219
664.201
-143.181
303.314
-499.273
148.723
-310.887
207.786
181.147
-333.596
-232.291
-48.5168
-56.5363
307.789
46.9509
-110.383
413.154
-209.607
69.4461
-262.869
16.635
377.44
-441.028
342.942
-312.358
-42.7298
364.524
121.743
-200.593
104.656
-163.499
122.691
-165.227
122.667
-124.862
-87.8133
-204.635
145.28
-19.0478
190.635
-279.804
-130.791
314.228
-248.03
170.567
17.4049
99.9331
28.2808
-182.205
-140.242
200.356
-261.253
404.155
-294.959
122.735
77.8529
-274.122
289.02
66.1604
-311.378
163.795
-90.7874
-151.606
91.0175
-74.4476
278.625
-149.1
8.82093
244.168
-178.903
318.716
2.19163
-119.776
240.66
-526.015
-78.1904
160.321
-214.785
247.327
-21.9853
13.3074
214.217
-302.007
110.018
77.9701
-137.795
271.66
-187.527
13.8701
-11.0998
2.59215
-64.3428
12.0726
54.0811
-189.422
58.4441
29.322
-33.0451
-314.695
98.9649
-157.735
9.8232
13.2174
17.3018
230.493
-157.381
14.286
457.808
-460.914
261.238
-168.211
-12.2353
175.156
71.269
0
0
0
0
0
0
0
0
0
0
0
0
0
0
0
0
0
0
0
0
0
0
0
0
0
0
0
0
0
0
0
0
0
0
0
0
0
0
0
0
0
0
0
0
0
0
0
0
0
0
0
0
0
0
0
0
0
0
0
0
0
0
0
0
0
0
0
0
0
0
0
0
0
0
0
0
0
0
0
0
0
0
0
0
0
0
0
0
0
0
0
0
0
0
0
0
0
0
0
0
0
0
0
0
0
0
0
0
0
0
0
0
0
0
0
0
0
0
0
0
0
0
0
0
0
0
0
0
0
0
0
0
0
0
0
0
0
0
0
0
0
0
0
0
0
0
0
0
0
0
0
0
0
0
0
0
0
0
0
0
0
0
0
0
0
0
0
0
0
0
0
0
0
0
0
0
0
0
0
0
0
0
0
0
0
0
0
0
0
0
0
0
0
0
0
0
0
0
0
0
0
0
0
0
0
0
0
0
0
0
0
0
0
0
0
0
0
0
0
0
0
0
0
0
0
0
0
0
0
0
0
0
0
0
0
0
0
0
0
0
0
0
0
0
0
0
0
0
0
0
0
0
0
0
0
0
0
0
0
0
0
0
0
0
0
0
0
0
0
0
0
0
0
0
0
0
0
0
0
0
0
0
0
0
0
0
0
0
0
0
0
0
0
0
0
0
0
0
0
0
0
0
0
0
0
0
0
0
0
0
0
0
0
0
0
0
0
0
0
0
0
0
0
0
0
0
0
0
0
0
0
0
0
0
0
0
0
0
0
0
0
0
0
0
0
0
0
0
0
0
0
0
0
0
0
0
0
0
0
0
0
0
0
0
0
0
0
0
0
0
0
0
0
0
0
0
0
0
0
0
0
0
0
0
0
0
0
0
0
0
0
0
0
0
0
0
0
0
0
0
0
0
0
0
0
0
0
0
0
0
0
0
0
0
0
0
0
0
0
0
0
0
0
0
0
0
0
0
0
0
0
0
0
0
0
0
0
0
0
0
0
0
0
0
0
0
0
0
0
0
0
0
0
0
0
0
0
0
0
0
0
0
0
0
0
0
0
0
0
0
0
0
0
0
0
0
0
0
0
0
0
0
0
0
0
0
0
0
0
0
0
0
0
0
0
0
0
0
0
0
0
0
0
0
0
0
0
0
0
0
0
0
0
0
0
0
0
0
0
0
0
0
0
0
0
0
0
0
0
0
0
0
0
0
0
0
0
0
0
0
0
0
0
0
0
0
0
0
0
0
0
0
0
0
0
0
0
0
0
0
0
0
0
0
0
0
0
0
0
0
0
0
0
0
0
0
0
0
0
0
0
0
0
0
0
0
0
0
0
0
0
0
0
0
0
0
0
0
0
0
0
0
0
0
0
0
0
0
0
0
0
0
0
0
0
0
0
0
0
0
0
0
0
0
0
0
0
0
0
0
0
0
0
0
0
0
0
0
0
0
0
0
0
0
0
0
0
0
0
0
0
0
0
0
0
0
0
0
0
0
0
0
0
0
0
0
0
0
0
0
0
0
0
0
0
0
0
0
0
0
0
0
0
0
0
0
0
0
0
0
0
0
0
0
0
0
0
0
0
0
0
0
0
0
0
0
0
0
0
0
0
0
0
0
0
0
0
0
0
0
0
0
0
0
0
0
0
0
0
0
0
0
0
0
0
0
0
0
0
0
0
0
0
0
0
0
0
0
0
0
0
0
0
0
0
0
0
0
0
0
0
0
0
0
0
0
0
0
0
0
0
0
0
0
0
0
0
0
0
0
0
0
0
0
0
0
0
0
0
0
0
0
0
0
0
0
0
0
0
0
0
0
0
0
0
0
0
0
0
0
0
0
0
0
0
0
0
0
0
0
0
0
0
0
0
0
0
0
0
0
0
0
0
0
0
0
0
0
0
0
0
0
0
0
0
0
0
0
0
0
0
0
0
0
0
0
0
0
0
0
0
0
0
0
0
0
0
0
0
0
0
0
0
0
0
0
0
0
0
0
0
0
0
0
0
0
0
0
0
0
0
0
0
0
0
0
0
0
0
0
0
0
0
0
0
0
0
0
0
0
0
0
0
0
0
0
0
0
0
0
0
0
0
0
0
0
0
0
0
0
0
0
0
0
0
0
0
0
0
0
0
0
0
0
0
0
0
0
0
0
0
0
0
0
0
0
0
0
0
0
0
0
0
0
0
0
0
0
0
0
0
0
0
0
0
0
0
0
0
0
0
0
0
0
0
0
0
0
0
0
0
0
0
0
0
0
0
0
0
0
0
0
0
0
0
0
0
0
0
0
0
0
0
0
0
0
0
0
0
0
0
0
0
0
0
0
0
0
0
0
0
0
0
0
0
0
0
0
0
0
0
0
0
0
0
0
0
0
0
0
0
0
0
0
0
0
0
0
0
0
0
0
0
0
0
0
0
0
0
0
0
0
0
0
0
0
0
0
0
0
0
0
0
0
0
0
0
0
0
0
0
0
0
0
0
0
0
0
0
0
0
0
0
0
0
0
0
0
0
0
0
0
0
0
0
0
0
0
0
0
0
0
0
0
0
0
0
0
0
0
0
0
0
0
0
0
0
0
0
0
0
0
0
0
0
0
0
0
0
0
0
0
0
0
0
0
0
0
0
0
0
0
0
0
0
0
0
0
0
0
0
0
0
0
0
0
0
0
0
0
0
0
0
0
0
0
0
0
0
0
0
0
0
0
0
0
0
0
0
0
0
0
0
0
0
0
0
0
0
0
0
0
0
0
0
0
0
0
0
0
0
0
0
0
0
0
0
0
0
0
0
0
0
0
0
0
0
0
0
0
0
0
0
0
0
0
0
0
0
0
0
0
0
0
0
0
0
0
0
0
0
0
0
0
0
0
0
0
0
0
0
0
0
0
0
0
0
0
0
0
0
0
0
0
0
0
0
0
0
0
0
0
0
0
0
0
0
0
0
0
0
0
0
0
0
0
0
0
0
0
0
0
0
0
0
0
0
0
0
0
0
0
0
0
0
0
0
0
0
0
0
0
0
0
0
0
0
0
0
0
0
0
0
0
0
0
0
0
0
0
0
0
0
0
0
0
0
0
0
0
0
0
0
0
0
0
0
0
0
0
0
0
0
0
0
0
0
0
0
0
0
0
0
0
0
0
0
0
0
0
0
0
0
0
0
0
0
0
0
71.269
175.156
-12.2353
-168.211
261.238
-460.914
457.808
14.286
-157.381
230.493
17.3018
13.2174
9.8232
-157.735
98.9649
-314.695
-33.0451
29.322
58.4441
-189.422
54.0811
12.0726
-64.3428
2.59215
-11.0998
13.8701
-187.527
271.66
-137.795
77.9701
110.018
-302.007
214.217
13.3074
-21.9853
247.327
-214.785
160.321
-78.1904
-526.015
240.66
-119.776
2.19163
318.716
-178.903
244.168
8.82093
-149.1
278.625
-74.4476
91.0175
-151.606
-90.7874
163.795
-311.378
66.1604
289.02
-274.122
77.8529
122.735
-294.959
404.155
-261.253
200.356
-140.242
-182.205
28.2808
99.9331
17.4049
170.567
-248.03
314.228
-130.791
-279.804
190.635
-19.0478
145.28
-204.635
-87.8133
-124.862
122.667
-165.227
122.691
-163.499
104.656
-200.593
121.743
364.524
-42.7298
-312.358
342.942
-441.028
377.44
16.635
-262.869
69.4461
-209.607
413.154
-110.383
46.9509
307.789
-56.5363
-48.5168
-232.291
-333.596
181.147
207.786
-310.887
148.723
-499.273
303.314
-143.181
664.201
-491.219
94.9426
-410.309
743.42
-1061.23
533.077
-237.946
-26.9814
591.864
-416.052
3.28126
-467.619
51.6367
95.6749
-136.302
6.473
-44.5517
164.338
374.142
348.076
39.5898
116.64
-732.411
-55.816
204.662
-62.3017
55.7214
189.273
-432.837
373.788
-63.9369
-13.1551
113.285
-260.183
78.5147
-964.035
265.816
585.894
-237.39
323.512
-623.647
647.6
48.5572
-470.669
516.893
-273.225
295.581
-724.275
206.421
-241.09
991.89
-1224.68
357.78
138.709
52.1482
1131.52
-929.777
150.261
105.345
-25.2373
720.2
-359.126
77.6492
1047.33
-61.1554
-194.991
32.0109
-92.1292
1051.53
-264.939
-286.724
664.819
320.957
-277.274
68.1448
-565.194
916.18
135.894
177.605
68.5831
-221.173
528.275
393.919
-705.317
553.985
-747.34
922.064
302.084
-612.125
1183.62
500.589
33.557
162.411
-1023.71
444.428
-1051.69
265.106
-439.914
303.123
430.558
-616.564
1089.96
-67.8514
270.9
-668.249
414.596
-600.957
345.364
1090.72
-2150.07
1697.2
-1628.62
1627.48
-549.813
-427.516
307.142
-8.61007
856.623
-1351.48
-192.453
171.039
912.35
-771.322
222.278
-926.064
-912.889
-411.101
718.984
669.037
-602.722
456.682
557.145
-860.242
538.004
348.068
-150.723
728.912
-1235.51
1155.73
-387.804
-660.651
1228.86
-945.076
401.998
484.69
-425.767
597.045
-612.918
-1186.95
1545.21
-849.354
805.542
-26.7911
-507.925
388.121
-2006.41
157.018
1129.71
-2490.38
2596.74
1618.74
-1457.27
1333.8
-1261
575.765
996.583
-1898.29
1006.59
-330.772
-512.197
1093.96
-1333.45
957.106
-911.537
-975.01
1791.35
-1035.9
651.983
356.917
-203.953
1441.72
636.899
-770.558
1141.51
-1999.98
359.818
-479.202
-1135.59
1294.79
-4140.27
3908.79
-1557.77
836.653
11508.3
-30829.2
-37157
-20585.6
21123.6
11288.1
5299.09
-13290.3
8419.37
12763.8
-11082.8
4340.47
4297.43
954.69
11398.7
-4973.76
5486.19
-14093.2
