0
0
0
0
0
0
0
0
0
0
0
0
0
0
0
0
0
0
0
0
0
0
0
0
0
0
0
0
0
0
0
0
0
0
0
0
0
0
0
0
0
0
0
0
-2181.54
-14956.1
7686.17
16731.3
-1879.22
-2980.34
-2399.01
-1032.69
-6427.28
-3798.04
-2635.81
-2653.09
1162.11
-3102.07
-575.623
-1715.88
2503.99
-1985.67
-412.164
-233.496
-1656.14
-775.41
-299.8
-1884.61
-4530.21
-1534.53
24.8829
3732.23
1266.4
-16.3967
-143.907
-522.074
487.127
-1346.81
-969.788
-408.799
-2214.17
2045.27
-1513.31
-607.457
128.892
4078.34
-1279.07
-176.259
-29.2252
-164.672
-1560.6
-784.517
-1196.04
-1464.34
-2681.82
-1190.84
-284.294
108.814
-897.373
-3721.36
2121.18
1650.44
724.954
334.922
68.0733
-1686.63
1213.48
1270.42
-625.074
490.622
197.023
1826.43
-1065.83
-774.776
1105.59
-1102.38
-1593
1009.75
1817.31
760.204
-287.632
-387.572
20.4243
382.015
-152.305
-691.514
-708.947
-782.246
-141.025
-208.624
5.10732
688.807
-654.448
-272.685
184.646
-333.249
-671.738
-329.156
221.467
33.64
-1081.69
-158.573
955.539
-1110.23
928.98
-812.566
-274.065
-280.091
299
46.946
-97.6135
415.784
-367.446
-321.226
-395.152
-214.241
-334.452
-232.227
-293.319
-815.31
-69.4019
-221.975
19.8988
-166.292
-286.983
32.5352
-80.7518
118.013
-275.49
-333.584
195.741
326.478
-127.381
-56.7157
-34.4622
-26.9218
-26.4642
-25.2364
61.8062
-121.883
-122.889
206.079
-128.871
-6.81981
-54.6083
-315.452
-53.0349
88.335
-140.474
6.93621
318.545
-354.945
-224.661
-154.105
128.116
412.922
-366.122
-334.419
-398.969
-131.29
-282.246
-24.2832
-96.7695
-160.286
-89.5964
-321.912
-35.7371
-164.733
-258.58
-233.895
-26.2766
11.9294
-226.51
-60.4313
7.46723
-176.978
-52.8657
-273.699
-264.136
-57.991
-183.734
-222.513
-200.93
-119.026
-161.336
39.8241
-180.987
181.917
-34.0322
-80.2757
-136.076
-174.676
4.3656
-53.1438
-143.92
-162.949
-94.8723
40.0502
-8.18869
-268.019
209.563
71.3752
-98.8907
-237.661
-169.709
-181.405
-192.324
-201.472
-96.7882
44.6944
174.778
3.49256
-70.4314
-26.9355
-56.8757
-138.974
-168.148
-9.47694
-58.2915
-43.3192
-235.696
-99.9942
-134.409
-69.7281
-121.636
-118.091
63.0689
29.2401
-86.7422
-52.6815
-80.8896
-182.189
32.0661
-0.177496
23.2332
17.0216
68.5756
-67.7483
17.1226
-58.6502
-111.481
-182.194
-56.7711
-0.957506
-197.023
-213.341
-35.8907
-167.944
-61.1762
-277.383
-121.422
-56.919
-32.3811
21.3172
-195.162
-201.227
-62.7519
-180.223
-33.9493
-84.8198
-145.562
-224.949
-334.451
-195.67
29.6291
133.102
-116.963
-47.5684
-210.995
-95.0886
-128.812
-103.776
10.8304
-92.4398
-138.467
-106.767
-38.7498
-139.159
-275.711
20.6506
-173.774
-119.915
-55.6457
-231.672
174.887
-145.136
-174.869
-185
-287.306
48.5826
-58.8568
-132.988
-46.7795
142.65
-173.204
-160.707
-123.118
-53.2063
11.4913
10.0015
-43.9628
66.5276
-87.2284
-177.663
-47.4536
-25.624
-218.355
-20.099
-52.191
-155.41
-27.1236
-171.029
-33.2629
-122.614
-60.9145
-85.9045
-70.762
-282.146
-242.502
-38.7756
-54.8088
-4.37179
-84.2201
-33.6342
-150.213
-48.8196
-164.453
55.7059
-63.0696
-116.055
-192.255
-73.2503
-23.0285
-147.704
-22.8254
-139.789
-4.64616
107.551
-121.283
129.928
-83.1581
38.778
-65.3176
25.4794
-74.2817
0
0
0
0
0
0
0
0
0
0
0
0
0
0
0
0
0
0
0
0
0
0
0
0
0
0
0
0
0
0
0
0
0
0
0
0
0
0
0
0
0
0
0
0
0
0
0
0
0
0
0
0
0
0
0
0
0
0
0
0
0
0
0
0
0
0
0
0
0
0
0
0
0
0
0
0
0
0
0
0
0
0
0
0
0
0
0
0
0
0
0
0
0
0
0
0
0
0
0
0
0
0
0
0
0
0
0
0
0
0
0
0
0
0
0
0
0
0
0
0
0
0
0
0
0
0
0
0
0
0
0
0
0
0
0
0
0
0
0
0
0
0
0
0
0
0
0
0
0
0
0
0
0
0
0
0
0
0
0
0
0
0
0
0
0
0
0
0
0
0
0
0
0
0
0
0
0
0
0
0
0
0
0
0
0
0
0
0
0
0
0
0
0
0
0
0
0
0
0
0
0
0
0
0
0
0
0
0
0
0
0
0
0
0
0
0
0
0
0
0
0
0
0
0
0
0
0
0
0
0
0
0
0
0
0
0
0
0
0
0
0
0
0
0
0
0
0
0
0
0
0
0
0
0
0
0
0
0
0
0
0
0
0
0
0
0
0
0
0
0
0
0
0
0
0
0
0
0
0
0
0
0
0
0
0
0
0
0
0
0
0
0
0
0
0
0
0
0
0
0
0
0
0
0
0
0
0
0
0
0
0
0
0
0
0
0
0
0
0
0
0
0
0
0
0
0
0
0
0
0
0
0
0
0
0
0
0
0
0
0
0
0
0
0
0
0
0
0
0
0
0
0
0
0
0
0
0
0
0
0
0
0
0
0
0
0
0
0
0
0
0
0
0
0
0
0
0
0
0
0
0
0
0
0
0
0
0
0
0
0
0
0
0
0
0
0
0
0
0
0
0
0
0
0
0
0
0
0
0
0
0
0
0
0
0
0
0
0
0
0
0
0
0
0
0
0
0
0
0
0
0
0
0
0
0
0
0
0
0
0
0
0
0
0
0
0
0
0
0
0
0
0
0
0
0
0
0
0
0
0
0
0
0
0
0
0
0
0
0
0
0
0
0
0
0
0
0
0
0
0
0
0
0
0
0
0
0
0
0
0
0
0
0
0
0
0
0
0
0
0
0
0
0
0
0
0
0
0
0
0
0
0
0
0
0
0
0
0
0
0
0
0
0
0
0
0
0
0
0
0
