0
0
0
0
0
0
0
0
0
0
0
0
0
0
0
0
0
0
0
0
0
0
0
0
0
0
0
0
0
0
0
0
0
0
0
0
0
0
0
0
0
0
0
19337
-29896
22145.7
9245.58
15178
533.81
466.552
2748.33
2041.15
-2195.27
355.782
-2883.42
-52.4738
-3237.71
1033.58
-3085.46
-2463.64
1588.45
2587.66
2600.8
2220.1
1156.89
2876.51
-132.927
-3509.02
-1582.68
2392.46
784.777
-804.026
-190.214
-366.013
-74.3957
1184.38
-971.843
-110.315
-128.283
479.536
279.729
-106.948
561.566
327.308
-944.516
-1177.17
2196.44
-898.995
-369.48
-1187.86
328.018
-75.7143
-1003.69
-427.92
-4614.85
588.989
-1018.3
-502.856
-979.619
-1242.27
1884.72
2217.26
96.6669
-683.696
84.9235
-1689.7
1880.11
-322.419
-337.061
-445.6
93.2723
753.022
-543.696
782.507
-1078.23
549.335
639.898
962.365
-721.068
-1434.15
-1028.13
-679.98
578.231
-227.958
-133.854
-808.237
-332.438
-469.335
625.277
432.695
373.145
-303.085
-146.079
322.589
-213.315
136.191
-221.957
935.701
406.506
240.844
710.913
-531.256
806.153
-729.497
371.673
177.059
-459.691
-14.524
-110.194
7.36599
-264.694
145.076
100.284
168.846
-258.943
20.2946
-287.23
93.2172
313.982
-57.9238
259.777
-434.499
50.8866
-221.913
-285.986
125.692
524.231
-203.213
-102.404
161.979
-66.9424
-152.585
120.668
345.244
-198.693
200.152
108.195
31.771
127.381
5.90372
289.784
24.7148
220.731
77.9265
47.397
176.102
153.173
180.89
-54.1201
97.4869
-358.497
155.906
587.226
-825.366
850.848
-846.059
-569.703
-257.147
-57.0096
-174.079
0.235277
185.45
286.799
136.925
118.849
351.477
-75.4494
5.31599
-53.1804
37.8028
114.744
66.6661
22.7645
227.032
86.9916
-87.0705
16.7253
118.804
134.488
-115.575
136.115
-222.308
26.8437
67.9626
-47.6056
-67.2108
-79.0058
76.7343
-67.5923
136.921
94.1669
43.5405
87.5518
-36.173
189.073
221.142
-160.189
-49.5374
-8.73765
79.9619
101.496
-131.864
-96.3271
-35.9513
-84.4519
39.7631
-121.579
80.5894
-91.495
193.851
-59.5948
102.952
20.2874
-19.5042
-16.2185
25.8957
26.5381
-82.5686
-40.9731
-26.1492
-43.2516
13.178
8.86891
66.987
233.098
33.301
-27.9012
-139.232
141.279
7.17595
-63.7018
135.239
-57.6317
26.3979
-314.433
12.7764
-41.9642
-13.4806
108.75
-41.1259
-97.6794
32.3314
-48.5971
86.3638
-48.7421
32.7334
-121.855
16.0727
84.6267
-66.5696
-14.0283
140.959
116.651
24.7133
-126.562
-1.02284
83.868
52.1301
-12.5408
-80.1924
-264.05
99.6523
254.949
149.978
98.0486
-58.6227
70.2534
26.5399
230.264
-37.5192
9.1402
41.0897
15.789
-166.57
-41.3457
47.9434
-64.2857
34.4827
-173.652
85.8046
140.513
66.0473
96.8296
37.0693
162.416
-45.946
88.0019
-79.6215
-47.655
-121.25
52.911
-23.277
53.9015
77.0766
-269.685
55.4385
14.9216
-7.5188
61.3816
93.1871
9.06438
28.8605
43.5864
64.0816
-11.2778
22.7167
49.1128
64.8589
170.958
123.26
-57.3569
107.819
-10.0914
90.0684
152.326
159.072
-52.9995
-34.3631
76.589
-17.1266
-10.3663
62.1895
12.9778
6.62608
-4.63007
-100.028
-4.92335
-39.9163
-10.9633
13.3711
27.3162
62.5633
39.457
-26.4923
-16.4668
-24.3278
43.8169
41.3379
120.418
-167.573
14.3115
-55.9071
-117.263
11.325
-48.1253
0
0
0
0
0
0
0
0
0
0
0
0
0
0
0
0
0
0
0
0
0
0
0
0
0
0
0
0
0
0
0
0
0
0
0
0
0
0
0
0
0
0
0
0
0
0
0
0
0
0
0
0
0
0
0
0
0
0
0
0
0
0
0
0
0
0
0
0
0
0
0
0
0
0
0
0
0
0
0
0
0
0
0
0
0
0
0
0
0
0
0
0
0
0
0
0
0
0
0
0
0
0
0
0
0
0
0
0
0
0
0
0
0
0
0
0
0
0
0
0
0
0
0
0
0
0
0
0
0
0
0
0
0
0
0
0
0
0
0
0
0
0
0
0
0
0
0
0
0
0
0
0
0
0
0
0
0
0
0
0
0
0
0
0
0
0
0
0
0
0
0
0
0
0
0
0
0
0
0
0
0
0
0
0
0
0
0
0
0
0
0
0
0
0
0
0
0
0
0
0
0
0
0
0
0
0
0
0
0
0
0
0
0
0
0
0
0
0
0
0
0
0
0
0
0
0
0
0
0
0
0
0
0
0
0
0
0
0
0
0
0
0
0
0
0
0
0
0
0
0
0
0
0
0
0
0
0
0
0
0
0
0
0
0
0
0
0
0
0
0
0
0
0
0
0
0
0
0
0
0
0
0
0
0
0
0
0
0
0
0
0
0
0
0
0
0
0
0
0
0
0
0
0
0
0
0
0
0
0
0
0
0
0
0
0
0
0
0
0
0
0
0
0
0
0
0
0
0
0
0
0
0
0
0
0
0
0
0
0
0
0
0
0
0
0
0
0
0
0
0
0
0
0
0
0
0
0
0
0
0
0
0
0
0
0
0
0
0
0
0
0
0
0
0
0
0
0
0
0
0
0
0
0
0
0
0
0
0
0
0
0
0
0
0
0
0
0
0
0
0
0
0
0
0
0
0
0
0
0
0
0
0
0
0
0
0
0
0
0
0
0
0
0
0
0
0
0
0
0
0
0
0
0
0
0
0
0
0
0
0
0
0
0
0
0
0
0
0
0
0
0
0
0
0
0
0
0
0
0
0
0
0
0
0
0
0
0
0
0
0
0
0
0
0
0
0
0
0
0
0
0
0
0
0
0
0
0
0
0
0
0
0
0
0
0
0
0
0
0
0
0
0
0
0
0
0
0
0
0
0
0
0
0
0
0
0
0
0
0
0
0
0
0
0
0
0
0
0
0
0
0
0
0
0
0
0
0
0
0
0
0
0
0
0
0
0
0
0
0
0
0
0
0
0
0
0
0
0
0
0
0
0
0
0
0
0
0
0
0
0
0
0
0
0
0
0
0
0
0
0
0
0